					Demand	Demand**2	Avg. Demand	Avg. Demand**2
				1-Oct	3.961348754	15.69228395	3.777353631	15.8023952
				2-Oct	3.988561977	15.90862664	3.777353631	15.8023952
				3-Oct	4.011292555	16.09046796	3.777353631	15.8023952
				4-Oct	4.026406605	16.21195015	3.777353631	15.8023952
				5-Oct	4.031682638	16.25446489	3.777353631	15.8023952
				6-Oct	4.044694208	16.35955124	3.777353631	15.8023952
				7-Oct	4.050287596	16.40482961	3.777353631	15.8023952
				8-Oct	4.052628092	16.42379445	3.777353631	15.8023952
				9-Oct	4.059094208	16.47624579	3.777353631	15.8023952
				10-Oct	4.060720654	16.48945223	3.777353631	15.8023952
				11-Oct	4.073018175	16.58947705	3.777353631	15.8023952
				12-Oct	4.072185117	16.58269163	3.777353631	15.8023952
				13-Oct	4.06167272	16.49718529	3.777353631	15.8023952
				14-Oct	4.058380158	16.47044951	3.777353631	15.8023952
				15-Oct	4.042353712	16.34062353	3.777353631	15.8023952
				16-Oct	4.015894208	16.12740629	3.777353631	15.8023952
				17-Oct	3.999867762	15.99894211	3.777353631	15.8023952
				18-Oct	3.993242968	15.94598941	3.777353631	15.8023952
				19-Oct	3.981143795	15.84950592	3.777353631	15.8023952
				20-Oct	3.958968588	15.67343228	3.777353631	15.8023952
				21-Oct	3.952383464	15.62133505	3.777353631	15.8023952
				22-Oct	3.934532225	15.48054383	3.777353631	15.8023952
				23-Oct	3.901646274	15.22284365	3.777353631	15.8023952
				24-Oct	3.868046274	14.96178198	3.777353631	15.8023952
				25-Oct	3.843887597	14.77547186	3.777353631	15.8023952
				26-Oct	3.809970242	14.51587324	3.777353631	15.8023952
				27-Oct	3.76962644	14.2100835	3.777353631	15.8023952
				28-Oct	3.720476027	13.84194187	3.777353631	15.8023952
				29-Oct	3.681957019	13.55680749	3.777353631	15.8023952
				30-Oct	3.643636358	13.27608591	3.777353631	15.8023952
				31-Oct	3.599880986	12.95914311	3.777353631	15.8023952
				1-Nov	3.564654539	12.70676199	3.777353631	15.8023952
				2-Nov	3.547557019	12.5851608	3.777353631	15.8023952
				3-Nov	3.524112391	12.41936814	3.777353631	15.8023952
				4-Nov	3.497137184	12.22996849	3.777353631	15.8023952
				5-Nov	3.458975201	11.96450944	3.777353631	15.8023952
				6-Nov	3.432555366	11.78243634	3.777353631	15.8023952
				7-Nov	3.404429746	11.5901419	3.777353631	15.8023952
				8-Nov	3.383087598	11.44528169	3.777353631	15.8023952
				9-Nov	3.372297515	11.37239053	3.777353631	15.8023952
				10-Nov	3.34861487	11.21322155	3.777353631	15.8023952
				11-Nov	3.353176854	11.24379501	3.777353631	15.8023952
				12-Nov	3.345838011	11.194632	3.777353631	15.8023952
				13-Nov	3.324971895	11.0554381	3.777353631	15.8023952
				14-Nov	3.313150408	10.97696562	3.777353631	15.8023952
				15-Nov	3.301884292	10.90243988	3.777353631	15.8023952
				16-Nov	3.297520656	10.87364247	3.777353631	15.8023952
				17-Nov	3.292998342	10.84383808	3.777353631	15.8023952
				18-Nov	3.299861151	10.88908362	3.777353631	15.8023952
				19-Nov	3.296370242	10.86605677	3.777353631	15.8023952
				20-Nov	3.296330573	10.86579525	3.777353631	15.8023952
				21-Nov	3.297679333	10.87468899	3.777353631	15.8023952
				22-Nov	3.304462804	10.91947443	3.777353631	15.8023952
				23-Nov	3.308350408	10.94518242	3.777353631	15.8023952
				24-Nov	3.323028094	11.04251571	3.777353631	15.8023952
				25-Nov	3.334571895	11.11936972	3.777353631	15.8023952
				26-Nov	3.344727267	11.18720049	3.777353631	15.8023952
				27-Nov	3.333064457	11.10931868	3.777353631	15.8023952
				28-Nov	3.339411565	11.1516696	3.777353631	15.8023952
				29-Nov	3.352661151	11.2403368	3.777353631	15.8023952
				30-Nov	3.370274374	11.35874936	3.777353631	15.8023952
				1-Dec	3.393838011	11.51813644	3.777353631	15.8023952
				2-Dec	3.415735531	11.66724922	3.777353631	15.8023952
				3-Dec	3.422598341	11.71417941	3.777353631	15.8023952
				4-Dec	3.426842969	11.74325274	3.777353631	15.8023952
				5-Dec	3.442433052	11.85034532	3.777353631	15.8023952
				6-Dec	3.431365283	11.77426771	3.777353631	15.8023952
				7-Dec	3.407682639	11.61230097	3.777353631	15.8023952
				8-Dec	3.423272722	11.71879613	3.777353631	15.8023952
				9-Dec	3.40966611	11.62582298	3.777353631	15.8023952
				10-Dec	3.396257846	11.53456735	3.777353631	15.8023952
				11-Dec	3.37606611	11.39782238	3.777353631	15.8023952
				12-Dec	3.366704127	11.33469668	3.777353631	15.8023952
				13-Dec	3.343021482	11.17579263	3.777353631	15.8023952
				14-Dec	3.335563631	11.12598473	3.777353631	15.8023952
				15-Dec	3.333223135	11.11037647	3.777353631	15.8023952
				16-Dec	3.327193383	11.07021581	3.777353631	15.8023952
				17-Dec	3.296925614	10.86971851	3.777353631	15.8023952
				18-Dec	3.273044623	10.7128211	3.777353631	15.8023952
				19-Dec	3.244998342	10.53001424	3.777353631	15.8023952
				20-Dec	3.238532226	10.48809098	3.777353631	15.8023952
				21-Dec	3.208938838	10.29728846	3.777353631	15.8023952
				22-Dec	3.201838011	10.25176665	3.777353631	15.8023952
				23-Dec	3.199457846	10.23653051	3.777353631	15.8023952
				24-Dec	3.166809912	10.02868502	3.777353631	15.8023952
				25-Dec	3.147609912	9.907448158	3.777353631	15.8023952
				26-Dec	3.114366937	9.699281418	3.777353631	15.8023952
				27-Dec	3.11210578	9.685202385	3.777353631	15.8023952
				28-Dec	3.116112391	9.710156436	3.777353631	15.8023952
				29-Dec	3.101950408	9.622096334	3.777353631	15.8023952
				30-Dec	3.088343796	9.537867405	3.777353631	15.8023952
				31-Dec	3.07029421	9.426706534	3.777353631	15.8023952
				1-Jan	3.066763631	9.40503917	3.777353631	15.8023952
				2-Jan	3.028958673	9.17459064	3.777353631	15.8023952
				3-Jan	3.028680987	9.172908519	3.777353631	15.8023952
				4-Jan	3.02019173	9.121558089	3.777353631	15.8023952
				5-Jan	3.027292557	9.164500225	3.777353631	15.8023952
				6-Jan	3.017930573	9.107904946	3.777353631	15.8023952
				7-Jan	3.027927268	9.168343538	3.777353631	15.8023952
				8-Jan	3.033996689	9.20513591	3.777353631	15.8023952
				9-Jan	3.035424788	9.213803645	3.777353631	15.8023952
				10-Jan	2.997897516	8.987389514	3.777353631	15.8023952
				11-Jan	3.00241983	9.014524834	3.777353631	15.8023952
				12-Jan	2.982783466	8.896997205	3.777353631	15.8023952
				13-Jan	2.952039664	8.71453818	3.777353631	15.8023952
				14-Jan	2.909514045	8.465271976	3.777353631	15.8023952
				15-Jan	2.884760326	8.321842137	3.777353631	15.8023952
				16-Jan	2.855603301	8.154470213	3.777353631	15.8023952
				17-Jan	2.808555367	7.88798325	3.777353631	15.8023952
				18-Jan	2.782571896	7.742706357	3.777353631	15.8023952
				19-Jan	2.751788425	7.572339537	3.777353631	15.8023952
				20-Jan	2.719497516	7.39566674	3.777353631	15.8023952
				21-Jan	2.682366938	7.195092388	3.777353631	15.8023952
				22-Jan	2.62528264	6.892108941	3.777353631	15.8023952
				23-Jan	2.567801649	6.593605306	3.777353631	15.8023952
				24-Jan	2.524006607	6.370609354	3.777353631	15.8023952
				25-Jan	2.511550409	6.307885457	3.777353631	15.8023952
				26-Jan	2.504568591	6.272863826	3.777353631	15.8023952
				27-Jan	2.493381814	6.21695287	3.777353631	15.8023952
				28-Jan	2.456251236	6.033170132	3.777353631	15.8023952
				29-Jan	2.417137186	5.842552176	3.777353631	15.8023952
				30-Jan	2.405752062	5.787642984	3.777353631	15.8023952
				31-Jan	2.398294211	5.751815122	3.777353631	15.8023952
				1-Feb	2.391272723	5.718185237	3.777353631	15.8023952
				2-Feb	2.369375203	5.613938851	3.777353631	15.8023952
				3-Feb	2.347239665	5.509534047	3.777353631	15.8023952
				4-Feb	2.350294211	5.523882878	3.777353631	15.8023952
				5-Feb	2.356839665	5.554693209	3.777353631	15.8023952
				6-Feb	2.373897517	5.63538942	3.777353631	15.8023952
				7-Feb	2.415391731	5.834117216	3.777353631	15.8023952
				8-Feb	2.440304128	5.955084238	3.777353631	15.8023952
				9-Feb	2.476244624	6.131787438	3.777353631	15.8023952
				10-Feb	2.525831401	6.379824265	3.777353631	15.8023952
				11-Feb	2.549553715	6.500224144	3.777353631	15.8023952
				12-Feb	2.561771897	6.56267525	3.777353631	15.8023952
				13-Feb	2.563676029	6.57243478	3.777353631	15.8023952
				14-Feb	2.588350409	6.699557839	3.777353631	15.8023952
				15-Feb	2.574228095	6.626650284	3.777353631	15.8023952
				16-Feb	2.581011566	6.661620703	3.777353631	15.8023952
				17-Feb	2.603702475	6.779266578	3.777353631	15.8023952
				18-Feb	2.634406607	6.940098172	3.777353631	15.8023952
				19-Feb	2.614889252	6.837645799	3.777353631	15.8023952
				20-Feb	2.591484293	6.715790842	3.777353631	15.8023952
				21-Feb	2.58275702	6.670633827	3.777353631	15.8023952
				22-Feb	2.603980161	6.780712678	3.777353631	15.8023952
				23-Feb	2.626393384	6.897942208	3.777353631	15.8023952
				24-Feb	2.624132227	6.886069945	3.777353631	15.8023952
				25-Feb	2.628495863	6.908990504	3.777353631	15.8023952
				26-Feb	2.61298512	6.827691235	3.777353631	15.8023952
				27-Feb	2.604416525	6.782985433	3.777353631	15.8023952
				28-Feb	2.597791731	6.748521878	3.777353631	15.8023952
				1-Mar	2.596958673	6.744194351	3.777353631	15.8023952
				2-Mar	2.569864458	6.604203335	3.777353631	15.8023952
				3-Mar	2.546816525	6.48627441	3.777353631	15.8023952
				4-Mar	2.528806607	6.394862857	3.777353631	15.8023952
				5-Mar	2.536026442	6.431430115	3.777353631	15.8023952
				6-Mar	2.517143797	6.336012897	3.777353631	15.8023952
				7-Mar	2.481758674	6.159126114	3.777353631	15.8023952
				8-Mar	2.463986773	6.071230816	3.777353631	15.8023952
				9-Mar	2.48271074	6.163852617	3.777353631	15.8023952
				10-Mar	2.482552062	6.16306474	3.777353631	15.8023952
				11-Mar	2.477791731	6.139451864	3.777353631	15.8023952
				12-Mar	2.483107434	6.165822528	3.777353631	15.8023952
				13-Mar	2.499927269	6.249636348	3.777353631	15.8023952
				14-Mar	2.498935533	6.244678798	3.777353631	15.8023952
				15-Mar	2.485606607	6.178240207	3.777353631	15.8023952
				16-Mar	2.482909087	6.164837533	3.777353631	15.8023952
				17-Mar	2.493778508	6.218931248	3.777353631	15.8023952
				18-Mar	2.494809913	6.224076503	3.777353631	15.8023952
				19-Mar	2.480013219	6.150465566	3.777353631	15.8023952
				20-Mar	2.481084293	6.155779271	3.777353631	15.8023952
				21-Mar	2.44911074	5.998143415	3.777353631	15.8023952
				22-Mar	2.450142145	6.003196529	3.777353631	15.8023952
				23-Mar	2.457560326	6.039602758	3.777353631	15.8023952
				24-Mar	2.457163632	6.037653116	3.777353631	15.8023952
				25-Mar	2.457044624	6.037068284	3.777353631	15.8023952
				26-Mar	2.465375202	6.078074889	3.777353631	15.8023952
				27-Mar	2.485646277	6.178437413	3.777353631	15.8023952
				28-Mar	2.476561979	6.133359237	3.777353631	15.8023952
				29-Mar	2.466803302	6.085118529	3.777353631	15.8023952
				30-Mar	2.438717351	5.947342319	3.777353631	15.8023952
				31-Mar	2.427292558	5.891749162	3.777353631	15.8023952
				1-Apr	2.410631401	5.811143751	3.777353631	15.8023952
				2-Apr	2.417692558	5.845237305	3.777353631	15.8023952
				3-Apr	2.391986773	5.721600721	3.777353631	15.8023952
				4-Apr	2.385004955	5.688248634	3.777353631	15.8023952
				5-Apr	2.376793384	5.649146792	3.777353631	15.8023952
				6-Apr	2.377547103	5.652730229	3.777353631	15.8023952
				7-Apr	2.36271074	5.58240204	3.777353631	15.8023952
				8-Apr	2.359656194	5.567977356	3.777353631	15.8023952
				9-Apr	2.377626442	5.653107499	3.777353631	15.8023952
				10-Apr	2.404958674	5.783826222	3.777353631	15.8023952
				11-Apr	2.426142145	5.886165706	3.777353631	15.8023952
				12-Apr	2.420469417	5.858672201	3.777353631	15.8023952
				13-Apr	2.408251236	5.799674014	3.777353631	15.8023952
				14-Apr	2.419358674	5.853296392	3.777353631	15.8023952
				15-Apr	2.44633388	5.984549453	3.777353631	15.8023952
				16-Apr	2.43538512	5.931100682	3.777353631	15.8023952
				17-Apr	2.443080988	5.968644712	3.777353631	15.8023952
				18-Apr	2.46140826	6.058530624	3.777353631	15.8023952
				19-Apr	2.469104128	6.096475195	3.777353631	15.8023952
				20-Apr	2.471960326	6.110587855	3.777353631	15.8023952
				21-Apr	2.466803302	6.085118529	3.777353631	15.8023952
				22-Apr	2.490763632	6.203903471	3.777353631	15.8023952
				23-Apr	2.519325616	6.347001557	3.777353631	15.8023952
				24-Apr	2.550664459	6.50588918	3.777353631	15.8023952
				25-Apr	2.598664458	6.753056968	3.777353631	15.8023952
				26-Apr	2.623021483	6.880241701	3.777353631	15.8023952
				27-Apr	2.629130574	6.912327576	3.777353631	15.8023952
				28-Apr	2.661976855	7.086120777	3.777353631	15.8023952
				29-Apr	2.689586772	7.233877006	3.777353631	15.8023952
				30-Apr	2.748416524	7.553793391	3.777353631	15.8023952
				1-May	2.808674375	7.888651747	3.777353631	15.8023952
				2-May	2.878770243	8.287318112	3.777353631	15.8023952
				3-May	2.964813218	8.790117419	3.777353631	15.8023952
				4-May	3.016264458	9.097851279	3.777353631	15.8023952
				5-May	3.053910739	9.3263708	3.777353631	15.8023952
				6-May	3.081163631	9.493569322	3.777353631	15.8023952
				7-May	3.151497515	9.931936589	3.777353631	15.8023952
				8-May	3.232185119	10.44702064	3.777353631	15.8023952
				9-May	3.273282639	10.71437924	3.777353631	15.8023952
				10-May	3.328383465	11.07813649	3.777353631	15.8023952
				11-May	3.393282639	11.51436707	3.777353631	15.8023952
				12-May	3.418353713	11.68514211	3.777353631	15.8023952
				13-May	3.443980159	11.86099934	3.777353631	15.8023952
				14-May	3.491662804	12.19170914	3.777353631	15.8023952
				15-May	3.547914044	12.58769406	3.777353631	15.8023952
				16-May	3.609084291	13.02548942	3.777353631	15.8023952
				17-May	3.676919002	13.51973335	3.777353631	15.8023952
				18-May	3.731186771	13.92175472	3.777353631	15.8023952
				19-May	3.791880985	14.37836141	3.777353631	15.8023952
				20-May	3.832899167	14.69111603	3.777353631	15.8023952
				21-May	3.901527266	15.22191501	3.777353631	15.8023952
				22-May	3.967378506	15.74009221	3.777353631	15.8023952
				23-May	4.029580159	16.23751625	3.777353631	15.8023952
				24-May	4.102730572	16.83239814	3.777353631	15.8023952
				25-May	4.124231398	17.00928462	3.777353631	15.8023952
				26-May	4.166836357	17.36252522	3.777353631	15.8023952
				27-May	4.194327266	17.59238121	3.777353631	15.8023952
				28-May	4.2255471	17.8552483	3.777353631	15.8023952
				29-May	4.254862803	18.10385747	3.777353631	15.8023952
				30-May	4.29960991	18.48664538	3.777353631	15.8023952
				31-May	4.356218174	18.97663678	3.777353631	15.8023952
				1-Jun	4.402710736	19.38386183	3.777353631	15.8023952
				2-Jun	4.42849586	19.61157558	3.777353631	15.8023952
				3-Jun	4.465904125	19.94429965	3.777353631	15.8023952
				4-Jun	4.539094207	20.60337622	3.777353631	15.8023952
				5-Jun	4.595266108	21.1164706	3.777353631	15.8023952
				6-Jun	4.654968587	21.66873255	3.777353631	15.8023952
				7-Jun	4.732442967	22.39601644	3.777353631	15.8023952
				8-Jun	4.79873057	23.02781509	3.777353631	15.8023952
				9-Jun	4.855894207	23.57970855	3.777353631	15.8023952
				10-Jun	4.919841314	24.20483856	3.777353631	15.8023952
				11-Jun	4.98117024	24.81205696	3.777353631	15.8023952
				12-Jun	5.043689248	25.43880123	3.777353631	15.8023952
				13-Jun	5.094347099	25.95237236	3.777353631	15.8023952
				14-Jun	5.150955363	26.53234115	3.777353631	15.8023952
				15-Jun	5.20879338	27.13152847	3.777353631	15.8023952
				16-Jun	5.285276024	27.93414265	3.777353631	15.8023952
				17-Jun	5.350968586	28.63286481	3.777353631	15.8023952
				18-Jun	5.422889247	29.40772779	3.777353631	15.8023952
				19-Jun	5.497983462	30.22782215	3.777353631	15.8023952
				20-Jun	5.559748751	30.91080617	3.777353631	15.8023952
				21-Jun	5.618340486	31.56574982	3.777353631	15.8023952
				22-Jun	5.670743792	32.15733516	3.777353631	15.8023952
				23-Jun	5.741712387	32.96726114	3.777353631	15.8023952
				24-Jun	5.80391404	33.68541818	3.777353631	15.8023952
				25-Jun	5.854809907	34.27879905	3.777353631	15.8023952
				26-Jun	5.916654535	35.00680089	3.777353631	15.8023952
				27-Jun	5.986552056	35.83880552	3.777353631	15.8023952
				28-Jun	6.074657841	36.90146789	3.777353631	15.8023952
				29-Jun	6.101950403	37.23379872	3.777353631	15.8023952
				30-Jun	6.159114039	37.93468575	3.777353631	15.8023952
				1-Jul	6.231193378	38.82777091	3.777353631	15.8023952
				2-Jul	6.304661146	39.74875217	3.777353631	15.8023952
				3-Jul	6.367259493	40.54199346	3.777353631	15.8023952
				4-Jul	6.443742138	41.52181274	3.777353631	15.8023952
				5-Jul	6.513599989	42.42698482	3.777353631	15.8023952
				6-Jul	6.585599989	43.37012721	3.777353631	15.8023952
				7-Jul	6.639233047	44.07941545	3.777353631	15.8023952
				8-Jul	6.697467757	44.85607436	3.777353631	15.8023952
				9-Jul	6.761692551	45.72048615	3.777353631	15.8023952
				10-Jul	6.819808253	46.50978461	3.777353631	15.8023952
				11-Jul	6.856938831	47.01761014	3.777353631	15.8023952
				12-Jul	6.889745443	47.46859227	3.777353631	15.8023952
				13-Jul	6.888634699	47.45328802	3.777353631	15.8023952
				14-Jul	6.87486941	47.2638294	3.777353631	15.8023952
				15-Jul	6.856105774	47.00618638	3.777353631	15.8023952
				16-Jul	6.847656187	46.89039525	3.777353631	15.8023952
				17-Jul	6.822505774	46.54658503	3.777353631	15.8023952
				18-Jul	6.774188418	45.88962873	3.777353631	15.8023952
				19-Jul	6.729044617	45.28004145	3.777353631	15.8023952
				20-Jul	6.687352055	44.72067751	3.777353631	15.8023952
				21-Jul	6.640978501	44.10259545	3.777353631	15.8023952
				22-Jul	6.589963625	43.42762058	3.777353631	15.8023952
				23-Jul	6.517844617	42.48229845	3.777353631	15.8023952
				24-Jul	6.472780154	41.89688293	3.777353631	15.8023952
				25-Jul	6.38602313	40.78129141	3.777353631	15.8023952
				26-Jul	6.318981808	39.92953108	3.777353631	15.8023952
				27-Jul	6.237461147	38.90592155	3.777353631	15.8023952
				28-Jul	6.147689246	37.79408306	3.777353631	15.8023952
				29-Jul	6.035781808	36.43066203	3.777353631	15.8023952
				30-Jul	5.955768585	35.47117944	3.777353631	15.8023952
				31-Jul	5.840687593	34.11363156	3.777353631	15.8023952
				1-Aug	5.756905775	33.14196411	3.777353631	15.8023952
				2-Aug	5.672132222	32.17308394	3.777353631	15.8023952
				3-Aug	5.584700817	31.18888322	3.777353631	15.8023952
				4-Aug	5.498419825	30.23262058	3.777353631	15.8023952
				5-Aug	5.396152057	29.11845702	3.777353631	15.8023952
				6-Aug	5.297454537	28.06302457	3.777353631	15.8023952
				7-Aug	5.225375198	27.30454596	3.777353631	15.8023952
				8-Aug	5.176026438	26.79124968	3.777353631	15.8023952
				9-Aug	5.126122305	26.27712989	3.777353631	15.8023952
				10-Aug	5.071775198	25.72290366	3.777353631	15.8023952
				11-Aug	5.008938835	25.08946825	3.777353631	15.8023952
				12-Aug	4.964271066	24.64398722	3.777353631	15.8023952
				13-Aug	4.934399992	24.34830328	3.777353631	15.8023952
				14-Aug	4.906314041	24.07191747	3.777353631	15.8023952
				15-Aug	4.863590074	23.65450841	3.777353631	15.8023952
				16-Aug	4.83375867	23.36522288	3.777353631	15.8023952
				17-Aug	4.804363628	23.08190987	3.777353631	15.8023952
				18-Aug	4.772271066	22.77457113	3.777353631	15.8023952
				19-Aug	4.754697513	22.60714844	3.777353631	15.8023952
				20-Aug	4.721057843	22.28838716	3.777353631	15.8023952
				21-Aug	4.681983463	21.92096915	3.777353631	15.8023952
				22-Aug	4.666472719	21.77596764	3.777353631	15.8023952
				23-Aug	4.652390075	21.64473341	3.777353631	15.8023952
				24-Aug	4.607642967	21.23037372	3.777353631	15.8023952
				25-Aug	4.596257843	21.12558616	3.777353631	15.8023952
				26-Aug	4.550915695	20.71083366	3.777353631	15.8023952
				27-Aug	4.517514042	20.40793312	3.777353631	15.8023952
				28-Aug	4.475504125	20.03013717	3.777353631	15.8023952
				29-Aug	4.421474373	19.54943563	3.777353631	15.8023952
				30-Aug	4.387160323	19.2471757	3.777353631	15.8023952
				31-Aug	4.353917348	18.95659627	3.777353631	15.8023952
				1-Sep	4.324442968	18.70080698	3.777353631	15.8023952
				2-Sep	4.283742142	18.35044674	3.777353631	15.8023952
				3-Sep	4.242168588	17.99599433	3.777353631	15.8023952
				4-Sep	4.210234704	17.72607626	3.777353631	15.8023952
				5-Sep	4.188257844	17.54150377	3.777353631	15.8023952
				6-Sep	4.163662803	17.33608794	3.777353631	15.8023952
				7-Sep	4.127563629	17.03678151	3.777353631	15.8023952
				8-Sep	4.093566935	16.75729025	3.777353631	15.8023952
				9-Sep	4.0685752	16.55330416	3.777353631	15.8023952
				10-Sep	4.038069415	16.3060046	3.777353631	15.8023952
				11-Sep	4.004509084	16.03609301	3.777353631	15.8023952
				12-Sep	3.973011564	15.78482088	3.777353631	15.8023952
				13-Sep	3.941157018	15.53271864	3.777353631	15.8023952
				14-Sep	3.914578506	15.32392488	3.777353631	15.8023952
				15-Sep	3.900614869	15.21479636	3.777353631	15.8023952
				16-Sep	3.873044622	15.00047464	3.777353631	15.8023952
				17-Sep	3.850433051	14.82583468	3.777353631	15.8023952
				18-Sep	3.828654539	14.65859558	3.777353631	15.8023952
				19-Sep	3.808581812	14.50529542	3.777353631	15.8023952
				20-Sep	3.818221481	14.57881528	3.777353631	15.8023952
				21-Sep	3.825996688	14.63825065	3.777353631	15.8023952
				22-Sep	3.829090903	14.66193714	3.777353631	15.8023952
				23-Sep	3.843927266	14.77577683	3.777353631	15.8023952
				24-Sep	3.860747101	14.90536818	3.777353631	15.8023952
3.777353631	15.8023952			25-Sep	3.886928919	15.10821642	3.777353631	15.8023952
				26-Sep	3.891728919	15.14555398	3.777353631	15.8023952
				27-Sep	3.904423134	15.24452001	3.777353631	15.8023952
				28-Sep	3.933897514	15.47554965	3.777353631	15.8023952
				29-Sep	3.948694208	15.59218595	3.777353631	15.8023952
				30-Sep	3.951550407	15.61475062	3.777353631	15.8023952
				1-Oct	3.961348754	15.69228395	3.777353631	15.8023952